%YAML:1.0

#--------------------------------------------------------------------------------------------
# Camera Parameters. Adjust them!
#--------------------------------------------------------------------------------------------

# Camera calibration and distortion parameters (OpenCV) 
Camera.fx: 653.0230347197595
Camera.fy: 653.0230347197595
Camera.cx: 335.2198791503906
Camera.cy: 252.8455963134766

Camera.k1: 0.123068
Camera.k2: -0.224169
Camera.p1: 0.003341
Camera.p2: -0.004319

Camera.width: 640
Camera.height: 480

# Camera frames per second 
Camera.fps: 20.0

# stereo baseline times fx
Camera.bf: 61.86017891623315

# Color order of the images (0: BGR, 1: RGB. It is ignored if images are grayscale)
Camera.RGB: 1

# Close/Far threshold. Baseline times.
ThDepth: 35

#--------------------------------------------------------------------------------------------
# Stereo Rectification. Only if you need to pre-rectify the images.
# Camera.fx, .fy, etc must be the same as in LEFT.P
#--------------------------------------------------------------------------------------------
LEFT.height: 480
LEFT.width: 640
LEFT.D: !!opencv-matrix
   rows: 1
   cols: 5
   dt: d
   data:[0.123068, -0.224169, 0.003341, -0.004319, 0.000000]
LEFT.K: !!opencv-matrix
   rows: 3
   cols: 3
   dt: d
   data: [618.112683, 0.000000, 316.445469, 0.000000, 616.485955, 264.369232, 0.000000, 0.000000, 1.000000]
LEFT.R:  !!opencv-matrix
   rows: 3
   cols: 3
   dt: d
   data: [0.999300, 0.023462, -0.029147, -0.022705, 0.999403, 0.026046, 0.029741, -0.025366, 0.999236]
LEFT.P:  !!opencv-matrix
   rows: 3
   cols: 4
   dt: d
   data: [653.023035, 0.000000, 335.219879, 0.000000, 0.000000, 653.023035, 252.845596, 0.000000, 0.000000, 0.000000, 1.000000, 0.000000]

RIGHT.height: 480
RIGHT.width: 640
RIGHT.D: !!opencv-matrix
   rows: 1
   cols: 5
   dt: d
   data:[0.09462309966395353, -0.1453104649581249, -0.005078111798714728, 0.0006812027269112382, 0]
RIGHT.K: !!opencv-matrix
   rows: 3
   cols: 3
   dt: d
   data: [622.3874579595391, 0, 317.5439941232034, 0, 620.6665900601623, 242.0583740389438, 0, 0, 1]
RIGHT.R:  !!opencv-matrix
   rows: 3
   cols: 3
   dt: d
   data: [0.9998033940755705, 0.0008954527301453568, -0.01980836589367092, -0.001404460587851822, 0.9996687744438563, -0.02569764371252107, 0.01977879383144081, 0.02572041147273071, 0.9994734912684011]
RIGHT.P:  !!opencv-matrix
   rows: 3
   cols: 4
   dt: d
   data: [653.0230347197595, 0, 335.2198791503906, -61.86017891623315, 0, 653.0230347197595, 252.8455963134766, 0, 0, 0, 1, 0]

#--------------------------------------------------------------------------------------------
# ORB Parameters
#--------------------------------------------------------------------------------------------

# ORB Extractor: Number of features per image
ORBextractor.nFeatures: 1200

# ORB Extractor: Scale factor between levels in the scale pyramid 	
ORBextractor.scaleFactor: 1.2

# ORB Extractor: Number of levels in the scale pyramid	
ORBextractor.nLevels: 8

# ORB Extractor: Fast threshold
# Image is divided in a grid. At each cell FAST are extracted imposing a minimum response.
# Firstly we impose iniThFAST. If no corners are detected we impose a lower value minThFAST
# You can lower these values if your images have low contrast			
ORBextractor.iniThFAST: 20
ORBextractor.minThFAST: 7

#--------------------------------------------------------------------------------------------
# Viewer Parameters
#--------------------------------------------------------------------------------------------
Viewer.KeyFrameSize: 0.05
Viewer.KeyFrameLineWidth: 1
Viewer.GraphLineWidth: 0.9
Viewer.PointSize:2
Viewer.CameraSize: 0.08
Viewer.CameraLineWidth: 3
Viewer.ViewpointX: 0
Viewer.ViewpointY: -0.7
Viewer.ViewpointZ: -1.8
Viewer.ViewpointF: 500

